
-5.56285e+19 2.75 -36 -2.45112e+29 -30.75 -2.26543e+29 -2.31495e+29 -1.01562 -2.32733e+29 -18.625 -7.84375 -4.125 -6.625 -26.125 -2.26543e+29 28.125 
-7.74619e+18 -13.5 -14.375 1.6836e+29 12.4375 -3.15675e+28 -3.14127e+28 -13.5625 -3.17222e+28 -12.5 -14.375 -21.75 -10.625 -9 -3.15675e+28 -35.5 
-3.71817e+19 -0.429688 -15 -1.7455e+29 -9.375 -1.5598e+29 -1.57837e+29 1.35938 -1.57218e+29 -7.125 -18.75 -3.84375 -4.90625 -11.1875 -1.5598e+29 -7.90625 
-6.16813e+19 -10.75 -2.375 -2.73585e+29 -6.28125 -2.57492e+29 -2.59967e+29 -1.875 -2.61205e+29 -17.125 -4.75 -9.5 -10.625 1.51562 -2.57492e+29 -23.25 
-7.02562e+17 -12.375 -1.85938 -1.39887e+29 -8.5 -2.74668e+27 -2.12771e+27 -24.75 -3.32696e+27 15.5 -1.89062 -9 -8.375 -21.875 -2.74668e+27 -2.14062 
-2.72378e+19 -6.625 -11.5 -1.69598e+29 -7.53125 -1.1389e+29 -1.15128e+29 -11.8125 -1.15128e+29 -16.25 -7.71875 4.15625 -12.4375 17.125 -1.1389e+29 -16.125 
-7.03282e+19 17.875 -22.125 -3.59003e+29 -10.875 -2.85964e+29 -2.9463e+29 -20.25 -2.9463e+29 -9.4375 -25.875 13.9375 18.375 -6.84375 -2.85964e+29 6.15625 
3.54523e+19 -13.125 -2.625 1.22556e+29 -0.65625 1.44839e+29 1.47934e+29 16.875 1.5041e+29 2.25 2.75 -7.125 -5.625 -24 1.44839e+29 -8.875 
-9.16573e+19 4.875 -7.65625 -4.65465e+29 -0.796875 -3.7881e+29 -3.83761e+29 -15 -3.83761e+29 -10.8125 -5.46875 -1.07031 -0.148438 -10.1875 -3.7881e+29 -11.75 
-3.257e+19 -17.625 12.0625 -6.93246e+28 -6.6875 -1.31841e+29 -1.36173e+29 -3.59375 -1.37411e+29 4 8.75 -14.1875 -14.1875 -7.1875 -1.31841e+29 0.0664062 
0 0 0 0 0 0 0 0 0 0 0 0 0 0 0 0 
0 0 0 0 0 0 0 0 0 0 0 0 0 0 0 0 
0 0 0 0 0 0 0 0 0 0 0 0 0 0 0 0 
0 0 0 0 0 0 0 0 0 0 0 0 0 0 0 0 
0 0 0 0 0 0 0 0 0 0 0 0 0 0 0 0 
0 0 0 0 0 0 0 0 0 0 0 0 0 0 0 0 