-0.0072518957 0.0005186768 -0.0004282662 0.0171096540 -0.0038487534 0.0221735311 0.0044430818 -0.0091389590 -0.0024901313 -0.0012224569 -0.0189454178 -0.0099906268 -0.0100657302 0.0017230687 0.0186543666 -0.0027356277 -0.0053641464 0.0064163630 -0.0022637899 0.0070921979 0.0085774050 -0.0047792509 0.0029112779 0.0017566388
-0.0104419974 0.0000463669 0.0009151250 0.0083805466 0.0022592312 0.0017928310 -0.0073876699 0.0008937122 -0.0120245077 -0.0144500077 -0.0017707091 -0.0130857815 0.0126482176 0.0020269757 -0.0022517999 -0.0040227147 -0.0134201710 0.0050451706 0.0002231767 -0.0012465467 0.0095504818 0.0145080987 0.0089627695 0.0068804458
-0.0016786382 -0.0038283575 0.0001209775 0.0020015535 -0.0029533220 0.0164972171 -0.0118451998 -0.0154836268 0.0006398016 0.0066240114 -0.0044334069 -0.0069296442 -0.0168261585 -0.0007627663 -0.0028429532 -0.0018293535 -0.0009492172 -0.0043690514 0.0125434182 -0.0050943473 -0.0103002934 0.0089345121 -0.0077401978 0.0084986329
-0.0082033702 0.0009428042 -0.0132058250 0.0014291812 0.0047208696 0.0017233541 -0.0001538094 0.0060932972 -0.0015686700 -0.0032378517 -0.0021002474 0.0095728975 0.0066960886 0.0004577943 0.0005174326 0.0005376669 -0.0148808309 -0.0081011823 0.0016183580 0.0093323898 0.0028161334 -0.0118872604 0.0116711803 0.0108830170
-0.0016476259 0.0019130369 0.0006808163 -0.0009233203 -0.0007591840 -0.0047784942 0.0074557543 -0.0118749216 -0.0026280296 0.0127785570 0.0125594346 -0.0009708405 -0.0103674482 0.0011267040 -0.0032053293 -0.0061314948 0.0174750280 0.0018719981 -0.0043837666 0.0040899560 0.0019480654 0.0065171209 -0.0045988375 0.0087456213
-0.0130105316 -0.0138324734 -0.0029674749 -0.0075011663 -0.0085799752 -0.0064979164 0.0085764327 -0.0193590276 -0.0017344776 0.0161502669 -0.0222475018 -0.0050010765 0.0124742887 0.0049786436 -0.0135908888 -0.0154845180 0.0222391652 0.0024733459 0.0022353868 -0.0029868720 -0.0156393594 0.0013320928 0.0144506899 0.0114439237
-0.0017781375 0.0003575361 -0.0019284417 -0.0066011049 0.0012565752 -0.0014703017 -0.0008851441 -0.0093820305 -0.0028527439 -0.0073198823 -0.0001484240 -0.0028537780 -0.0022364734 0.0019843675 -0.0038779340 -0.0009350311 -0.0002936417 0.0008708732 0.0049878009 0.0009083182 -0.0065615498 -0.0076120377 -0.0063748507 -0.0051285127
-0.0034662165 -0.0086916731 -0.0016499291 0.0004136797 -0.0080810951 -0.0036572988 -0.0104643987 0.0122716249 -0.0020073391 -0.0020605880 0.0000393456 -0.0007365647 0.0048219094 -0.0020068516 -0.0142907804 -0.0094510546 0.0148786181 -0.0005798952 0.0072227687 -0.0103423004 -0.0097639273 -0.0011168048 -0.0033451369 -0.0090375617
0.0033913275 0.0109490889 0.0028913455 0.0009153698 -0.0082490202 -0.0054005484 -0.0043085921 0.0008808663 0.0025427230 -0.0022494570 0.0012775490 0.0024948797 -0.0005935618 0.0017463596 -0.0148066742 0.0009404061 -0.0085357414 0.0011901721 -0.0038089686 -0.0018018090 -0.0023972385 -0.0146663032 -0.0129020806 -0.0112481535
0.0119669005 0.0038408190 0.0180993378 -0.0018989063 0.0082422714 -0.0077199735 0.0013441824 -0.0135451349 -0.0085749758 0.0224338978 0.0151219045 -0.0099705415 -0.0057740501 0.0026161846 0.0067931196 -0.0051647931 0.0174601244 -0.0015391633 0.0035480672 -0.0100069135 -0.0003295718 0.0188054806 0.0124411728 0.0198748248
-0.0046922366 0.0158445143 -0.0031971200 0.0034825592 -0.0017515946 -0.0032192331 0.0102424600 -0.0095844560 -0.0022265409 0.0086203492 -0.0079623782 0.0035412709 -0.0086149465 -0.0064655641 -0.0081403703 -0.0090946303 -0.0037087417 0.0013444617 0.0023452455 0.0018495573 0.0012874541 -0.0002776177 0.0019517202 -0.0118870318
-0.0044449093 -0.0018807615 0.0087530069 0.0005660576 0.0005729607 0.0028045961 0.0026815623 -0.0083846812 -0.0139678790 0.0046372633 -0.0179007229 0.0020968852 0.0004847589 -0.0178372492 -0.0182372973 -0.0097447751 -0.0005658536 0.0045372255 0.0089799948 0.0050352352 -0.0054912998 -0.0168227426 0.0098019892 -0.0048135297
-0.0076135720 0.0035091564 0.0045597765 -0.0077144647 0.0006590032 0.0054332840 -0.0043161639 -0.0127934258 0.0046087947 -0.0005262012 0.0135303554 -0.0013002356 -0.0015746174 0.0028654404 -0.0026844458 -0.0209398112 -0.0092801360 0.0004199595 -0.0078865853 -0.0082460386 -0.0017992163 0.0145777566 -0.0051734274 -0.0062718173
0.0010529508 0.0001765721 0.0069611712 -0.0071303436 0.0016973136 0.0021411236 0.0089165500 0.0059118042 -0.0067278772 -0.0176334649 -0.0151228707 0.0014156406 0.0088199808 0.0032493166 -0.0042760055 0.0009984821 -0.0016282632 0.0014514083 0.0052084169 0.0056586180 0.0027665347 0.0091776745 0.0035103303 0.0029561841
-0.0035881406 0.0005566342 -0.0037095591 0.0031845947 0.0011299669 0.0018015089 0.0063850817 -0.0203321293 -0.0034280312 -0.0023304952 -0.0034320135 -0.0048907530 0.0108210276 0.0017759302 -0.0048422747 0.0086177936 -0.0148336693 -0.0006570770 -0.0063097372 -0.0114872333 0.0020504127 0.0019645551 -0.0042717773 0.0033055219
-0.0095292590 -0.0118474664 0.0115358767 0.0072288492 0.0035320249 -0.0037441597 0.0016004461 0.0020551602 -0.0022511177 0.0008033389 -0.0172291364 0.0088350269 0.0028711384 -0.0011650663 -0.0089829421 -0.0054904789 0.0011553413 -0.0008019450 0.0183311267 -0.0023677370 0.0088510991 -0.0062013728 -0.0028486992 0.0071225214
