0.4484938308 0.4538597343 0.9839777911 0.8464532141 0.9437540061 0.2233160936 0.0302596678 0.9951276566
0.2874999055 0.8621019544 0.4893038223 0.8794683278 0.4580021237 0.7562015722 0.5009313226 0.1999636143
0.7002594244 0.6953964445 0.0860575960 0.9863491330 0.7336060675 0.6364534739 0.1655989958 0.0072890868
0.1888637222 0.5874916180 0.1879147234 0.1210440622 0.4342254469 0.9831407628 0.6901031584 0.1377603318
0.0160176852 0.1568182180 0.6166928789 0.0063043805 0.7604477158 0.5558384498 0.7789611985 0.4749606285
0.8774538105 0.7391094781 0.5999868700 0.9743535552 0.2768110745 0.2966361622 0.4800733247 0.7203291051
0.0987976194 0.1312379944 0.0555232722 0.1000936919 0.7354993774 0.4137761146 0.2215872648 0.0973672144
0.4595459690 0.1912264587 0.4729556408 0.8635069675 0.0736444819 0.9885196902 0.2576468646 0.8993335936
0.5018542157 0.7829189352 0.8799447073 0.3053114588 0.3258914682 0.5463703115 0.8562970393 0.4106330113
0.6010359778 0.8207582056 0.5598773584 0.8967985254 0.5409785701 0.4268309541 0.2371726048 0.1707724267
0.2626575952 0.2026508328 0.6559039287 0.0294758939 0.5828594247 0.5959572733 0.3907632789 0.9273654272
0.3808718667 0.2190820578 0.5220947949 0.8116642036 0.8991697737 0.8655388277 0.8087974890 0.0885089554
0.2890825301 0.4277603920 0.9671621214 0.1893507511 0.3463246083 0.9197178147 0.6076398573 0.6480486667
0.3419340557 0.2495686593 0.6790622100 0.3033709803 0.7075541694 0.3213533258 0.6680756246 0.7596834745
0.4724648842 0.8000524982 0.0013145765 0.8375556237 0.1956131708 0.4530852504 0.7894451593 0.5555387231
0.3296465216 0.2038951700 0.8952781305 0.8205924235 0.5666765845 0.0689569477 0.1667214069 0.5838431416
