0.4927397236 0.9624997381 0.3548832828 0.7570785231 0.6300132683 0.2614608577 0.3179578619 0.5380634906 0.2635091800 0.5624845178 0.6237794189 0.7982221726 0.4597844501 0.5037513463 0.9525935188 0.1529989000 0.4271909398 0.0916682300 0.2268302915 0.2686744098 0.6859107982 0.1885807859 0.6695235148 0.8478669387
0.2104720732 0.8621766972 0.9360004678 0.9412785530 0.6271942058 0.2052752039 0.4112915884 0.3748704416 0.7497681917 0.4540811339 0.7324371290 0.3828135893 0.8090944136 0.8477234773 0.2586245316 0.7066464748 0.8302194611 0.8500849397 0.0065510419 0.6211495601 0.3381461483 0.4967616046 0.5257798324 0.5538223424
0.7168039954 0.0454618663 0.1563710521 0.1142667871 0.9908282708 0.6131328565 0.0003638487 0.2267936930 0.7149723225 0.2467393098 0.9813637452 0.0848330330 0.9569569224 0.1524801247 0.9175676798 0.4479113829 0.1752897812 0.2659463821 0.3482912388 0.1587556087 0.0233115965 0.6973207192 0.1438354637 0.7065181706
0.7784526629 0.1772766488 0.8145810039 0.5159881802 0.5058938952 0.9517470321 0.8058988115 0.4339461063 0.3060211578 0.7903667024 0.9692535588 0.7918134521 0.9677345833 0.0257949611 0.8102709537 0.4091605086 0.1300623456 0.0686471670 0.1950373190 0.8037268961 0.9201473965 0.8524976205 0.3847542622 0.9551508590
0.8976164406 0.9321377632 0.2411208207 0.1095589830 0.2662065479 0.3182959025 0.0827710834 0.2668933680 0.9359257967 0.4186690292 0.6822355697 0.8517263522 0.4903529788 0.0835152092 0.6404153584 0.6533208928 0.9645782885 0.8263081771 0.0584880419 0.1788964379 0.4043670109 0.5121804723 0.1699121872 0.9190738773
0.3200509887 0.8536402103 0.1002150826 0.2708132483 0.9453570036 0.8404073860 0.1871233961 0.3192196770 0.3023619788 0.4051272549 0.3052720699 0.5881155864 0.0733875616 0.2430477545 0.8273116113 0.5095937486 0.9050221685 0.8665676454 0.8524905446 0.1364950063 0.2670989298 0.6528175104 0.6293482280 0.7814709457
0.6949091849 0.9621337227 0.4126969024 0.6286093739 0.3587608460 0.3151704769 0.7810043239 0.8096671418 0.4660483820 0.9018725193 0.8929364959 0.4930240236 0.0810595731 0.5452312005 0.0030449240 0.4920557994 0.7984408945 0.8385343843 0.2748264862 0.6354466854 0.2765315688 0.7304110035 0.9220600561 0.7673096964
0.0773919942 0.8569314104 0.4723799252 0.1616343848 0.9962521294 0.6414419747 0.1793168451 0.5113665392 0.0872459645 0.2367125510 0.5575337176 0.2939396441 0.2922104890 0.3037054734 0.1947285543 0.8663781174 0.5041289181 0.6666045376 0.9010179897 0.8105185839 0.1097197069 0.6813371088 0.2891644824 0.9155357838
0.7381424015 0.7674109060 0.7056089309 0.8716169383 0.6460008227 0.6068502270 0.7582662518 0.0726540236 0.4007043475 0.4980261074 0.8722912395 0.1989590555 0.4843722934 0.0315151969 0.0423264752 0.1107343886 0.0658431648 0.3854195116 0.1463159111 0.0797541130 0.6551634953 0.0268108942 0.9888242237 0.7088292874
0.6286922318 0.5808829255 0.4153877995 0.5498195129 0.0748991763 0.9534162141 0.4802450159 0.4866957102 0.1582195900 0.7769872778 0.2029490162 0.0270607040 0.7240340571 0.1463358502 0.0351194534 0.2475943726 0.4307381564 0.4706332447 0.0929264106 0.8519767943 0.2633156797 0.8748578455 0.5968478771 0.6203339454
0.7397673392 0.1678257259 0.2842143735 0.0776443795 0.7750696230 0.4776916434 0.7566327507 0.7935055780 0.3216277109 0.9794954012 0.5627211472 0.9086032683 0.6987919453 0.4099350957 0.4735539906 0.2726323745 0.7433893718 0.9451494678 0.4087224704 0.3384412134 0.4446346388 0.6820664020 0.9949663523 0.3008013502
0.8108578039 0.0998618327 0.2800435738 0.8800503927 0.2625709635 0.4004395231 0.7787885542 0.2634538400 0.6054335839 0.8484880560 0.5651089671 0.6764185813 0.8666145748 0.4115727369 0.4277966997 0.7102962899 0.9158463612 0.4519963805 0.1660126932 0.1124742456 0.7553694462 0.6131766975 0.3559876126 0.5251915810
0.0040856918 0.6598114811 0.5838918596 0.7907486861 0.0067625453 0.1619203755 0.4804057240 0.0225444149 0.0958312244 0.2250880120 0.3172831854 0.6621814301 0.5366527548 0.0118598286 0.6275834892 0.1955941704 0.1933186676 0.3428875087 0.5821987938 0.5100246338 0.7712968128 0.1220740643 0.0272684643 0.3604423376
0.3183178019 0.5699978316 0.7529020017 0.1608185150 0.3478629755 0.2415954988 0.0325028738 0.6175846439 0.8133343228 0.7752703267 0.4543874885 0.8736926389 0.9124216272 0.0085790135 0.2320775987 0.1743740646 0.0351942230 0.3612127318 0.7040495370 0.3010158851 0.4949759895 0.3542584036 0.0187385981 0.9937907786
0.3057251249 0.1503723867 0.4095141263 0.0719568548 0.0241601715 0.8089818082 0.3325415787 0.0056866648 0.6658675540 0.3941230271 0.7356816722 0.1585473967 0.4485479878 0.2937872704 0.4363495929 0.6510443700 0.3628958562 0.9928066945 0.0173835878 0.6770490576 0.0412777705 0.4260815456 0.1203733941 0.6115435911
0.5827945863 0.6564484799 0.2775901623 0.2685763954 0.7811523788 0.6200982804 0.0885646626 0.7825321001 0.0130078971 0.0625508291 0.1981847087 0.2879417389 0.7714971129 0.0415583374 0.4200653253 0.0945134338 0.7160168455 0.2638026998 0.9639764044 0.1111805401 0.2453357980 0.1765610488 0.4756684831 0.0408922657
