3.71875 2.48438 2.9375 3.40625 1.49219 2.57812 2.76562 3.40625 1.59375 3.90625 4.25 2.53125 3.375 3.45312 4.1875 2.17188 3.89062 2.04688 2.625 1.45312 4.0625 2.95312 4.6875 3.79688 
2.875 3.04688 3.07812 2.45312 1.39062 1.89062 2.35938 3.17188 2.03125 3.39062 3.96875 1.8125 3.375 3.21875 3.46875 2.3125 4.03125 2.45312 1.60156 2.15625 2.48438 3.51562 3.51562 2.5 
3.10938 1.82812 1.72656 1.76562 1.97656 2.3125 1.98438 3.09375 1.8125 3.39062 3.89062 1.30469 3.17188 2.42188 3.40625 1.47656 3.15625 1.46094 1.73438 1.66406 2.10938 3.70312 2.875 2.79688 
2.96875 2.04688 2.375 1.48438 1.04688 1.86719 2.25 2.40625 1.64844 3.09375 3.15625 1.73438 3.15625 1.92188 3.125 1.78906 2.46875 1.34375 1.55469 2.25 1.875 3.03125 2.4375 2.15625 
2.9375 2.53125 2.1875 1.39062 0.632812 1.58594 1.54688 1.89062 2.51562 2.42188 2.8125 1.71875 2.71875 2.0625 2.75 2.29688 3.25 2.40625 1.8125 1.28906 1.89062 2.3125 2.76562 2.64062 
3.4375 2.60938 2.4375 2.5 2.28125 2.92188 2.46875 3.40625 1.63281 3.76562 4.1875 2.39062 2.78125 2.75 4.1875 2.75 4.03125 2.5625 2.8125 1.3125 3.14062 3.76562 4.3125 3.375 
1.8125 1.85156 1.22656 1.45312 0.582031 1.02344 1.65625 1.96875 1.32031 2.34375 1.9375 0.867188 1.30469 1.79688 0.960938 1.01562 2.26562 1.59375 1.1875 1.46875 1.04688 1.90625 2.28125 1.76562 
2.875 2.76562 2.85938 1.82031 1.73438 2.21875 2.3125 2.95312 1.09375 3.0625 4 1.59375 2.70312 2.67188 3.46875 2.65625 3.5 1.98438 2.64062 2.1875 2.35938 3.40625 3.1875 2.78125 
3.76562 2.75 3.07812 2.51562 1.6875 2.29688 2.84375 2.5625 2.01562 3.28125 4.21875 1.89062 3.39062 2.40625 3.1875 2.4375 2.85938 2.28125 2.15625 1.33594 2.8125 2.73438 4.28125 2.89062 
3.29688 2.3125 2.34375 2.28125 1.09375 2.76562 2.5625 3.23438 1.25 3.76562 3.40625 1.5625 3.17188 2.45312 2.875 1.71875 3.40625 1.94531 1.69531 2.125 2.6875 3.78125 3.65625 2.875 
3.39062 1.51562 2.3125 1.85156 1.35156 1.77344 2.53125 2.64062 1.64844 3.42188 3.10938 2.09375 3.125 2.65625 2.90625 2.15625 3.15625 2.5 2.40625 1.39844 2.29688 2.54688 3.78125 2.125 
3.21875 2.54688 2.73438 2.35938 1.01562 2.42188 3.01562 2.92188 2.35938 3.76562 3.73438 1.78125 3.59375 2.95312 3.29688 2.25 4.21875 2.15625 2.03125 1.84375 3.01562 3.75 3.75 3 
3.09375 2.65625 3.14062 2.34375 0.742188 1.71094 2.70312 2.17188 1.5625 2.89062 3.5625 2.1875 3.5 2.54688 3.82812 2.34375 3.07812 2.15625 2.70312 1.89062 2.84375 2.67188 3.15625 2.39062 
2.8125 2.09375 2.9375 2.01562 1.07812 1.92188 1.82031 2.78125 2.39062 3.28125 3.23438 2.09375 3.375 2.26562 2.75 2.1875 2.60938 2.07812 2.71875 1.34375 2.6875 2.53125 3.23438 3.21875 
2.64062 2 2.1875 1.70312 0.941406 2.25 1.73438 2.76562 2.03125 3.21875 3.76562 1.375 2.48438 2.21875 3.34375 2.54688 3.03125 2.375 1.38281 1.875 1.83594 3.07812 2.85938 2.23438 
2.70312 1.89844 2.375 2 1.4375 2.5 1.92969 2.79688 0.984375 2.25 2.98438 1.55469 2.84375 2.0625 2.82812 1.57812 3.20312 1.69531 2.65625 0.890625 2.90625 2.29688 3.53125 2.35938 