
15.6875 -1.375 -14.1875 12.25 -16 -6.53125 -7.03125 -3.09375 -11.5625 -14.375 -6.84375 -7.15625 -1.45312 -11.625 -11.9375 19.625 
-11 -12.0625 -10.875 -16.125 9.25 -5.375 -22 -12.5625 -10.25 -6.25 -5.25 -15.8125 -13.75 -7.8125 -7.09375 -18.25 
-2.4375 -1.9375 -8.8125 -7.0625 -3.34375 -7.25 -3.89062 2.14062 -2.15625 -5.65625 -14.3125 -4.25 -2.1875 -6.9375 -6.9375 -5.09375 
-10.5 -5.8125 1.71094 -13.375 -2.34375 0.707031 -6.21875 0.34375 7.34375 -7.21875 -2.5 -8.25 -4 -0.859375 -6.78125 -25.75 
-32 -8.125 -0.263672 -19 -5.34375 -14.125 -0.722656 -15.625 -6.71875 12.125 1.74219 -5.25 -2.32812 -20.75 7.28125 -1.14844 
-4.0625 -3.65625 -10.125 -4.125 -11.875 7.09375 -9.8125 -8.75 -3.28125 -8.9375 -6.40625 0.558594 -7.34375 11.1875 -5.125 -9 
-2.71875 8.1875 -16.25 0.1875 -8.4375 -6.15625 -11.375 -18.375 -9.75 -10.375 -20.875 8.625 8.5 -1.32812 -10.5625 6.09375 
-8.0625 -13.8125 -0.453125 1.10938 -3.32812 -8.3125 0.304688 13.75 -3.48438 -0.679688 2.1875 -11.25 -6.90625 -16.75 3.45312 -6.8125 
-14.625 0.210938 -9 -10.125 -1.6875 -4.375 -3.46875 -10.1875 -0.0507812 -9.8125 -3.4375 -3.9375 -1.01562 -6.71875 -11.3125 -11.375 
-6.34375 -10.0625 7.34375 -2.09375 -2.76562 -7.75 9 -1.74219 -1.13281 0.863281 7.59375 -8.375 -2.40625 -3.67188 3.10938 -4.65625 