-0.0041970111 0.0025179328 0.0026747531 0.0064036090 -0.0030765054 -0.0012278749 0.0017125051 0.0031433395 0.0058739920 0.0002239215 0.0028093999 0.0014603152 -0.0000544016 -0.0090642412 0.0070036161 -0.0018675690
0.0052841059 0.0033150025 -0.0003242269 0.0077133500 0.0003762755 -0.0047126576 0.0028376124 0.0010260217 0.0020938273 0.0008483865 0.0049555661 0.0014200043 -0.0037676018 -0.0028380665 0.0066302665 0.0005604238
-0.0000937719 0.0002855680 0.0043068103 0.0026303641 0.0028892801 -0.0007840235 0.0058122842 0.0035220604 0.0011144434 0.0056309505 0.0018438026 0.0023110515 -0.0016616816 -0.0024684634 0.0040987102 0.0004207156
-0.0031874704 -0.0023178595 0.0034077434 0.0046883140 0.0051546573 -0.0006645539 0.0029932347 0.0028619313 -0.0026167157 -0.0000977885 0.0039316333 0.0030054472 0.0024467232 -0.0040667012 0.0006035172 -0.0018364376
0.0018546441 -0.0011942379 0.0022250276 0.0056898540 0.0034992387 -0.0068581930 -0.0033402457 0.0035192243 0.0021383775 0.0010693816 0.0007857488 0.0013461946 -0.0025668879 -0.0024662717 -0.0004753783 -0.0026474430
-0.0005374090 -0.0049141781 0.0008175329 -0.0006273595 0.0013328863 -0.0040055049 0.0049746344 0.0034878086 -0.0061026907 0.0011913521 0.0010561980 -0.0006259461 0.0000638409 -0.0013242826 -0.0007993784 -0.0019391292
0.0112837374 0.0029395729 0.0032165518 0.0047008223 0.0030596996 0.0010748739 -0.0027532939 0.0009953956 -0.0010865202 0.0087062257 0.0065263409 0.0075790261 0.0013832815 -0.0046945673 0.0005362997 -0.0013724157
0.0040194871 0.0040702447 0.0005629356 0.0053242999 0.0053128908 0.0013556826 0.0005924431 0.0042243540 0.0039806842 0.0066244409 0.0014303335 0.0051568988 -0.0013391894 -0.0044613072 0.0031131294 -0.0046440019
0.0034313898 -0.0039331553 0.0065938378 0.0061892442 0.0019746237 -0.0039612953 0.0007537364 0.0020222343 0.0011849819 0.0063243497 0.0083963151 0.0019619930 -0.0004716149 -0.0049016678 0.0045026553 -0.0008654254
0.0052684496 0.0014481214 0.0007056438 0.0094570091 0.0015144995 -0.0031748582 -0.0031252964 0.0014711401 -0.0017859360 -0.0004583873 0.0074312001 -0.0006307376 -0.0005721552 -0.0052540786 0.0039107311 -0.0031346744
0.0006880397 0.0029634553 -0.0001276130 0.0050374211 0.0000196902 0.0004166989 -0.0006534410 0.0028090458 0.0060207839 0.0026525444 0.0068373828 0.0046065437 -0.0031659468 -0.0044872081 0.0049817611 -0.0085187624
0.0037588178 0.0055393925 0.0096075474 -0.0035445918 0.0033497751 0.0002092832 0.0019418824 0.0050085394 -0.0015291304 0.0086093884 0.0038084789 0.0009356911 -0.0019882583 -0.0080298338 0.0036524408 -0.0016071708
-0.0023697366 -0.0027327127 0.0017251501 0.0022061881 0.0006988497 -0.0053012137 -0.0021172261 0.0017703015 0.0019889263 0.0043471767 0.0006441141 -0.0014319220 0.0036935129 -0.0083844397 0.0030956535 -0.0043922047
0.0014274669 0.0020027615 0.0046913567 0.0049865111 0.0027914869 -0.0064959669 0.0005335646 0.0023068976 0.0009664540 -0.0002409747 0.0041593169 -0.0001762734 -0.0012030976 -0.0083656688 0.0011137251 -0.0040549198
-0.0010574335 -0.0007971662 0.0033443830 -0.0001336337 0.0011366908 -0.0058389920 -0.0017647948 0.0011100364 0.0010002124 0.0019447129 -0.0039310454 0.0042474712 0.0003798106 -0.0073995038 0.0016933520 -0.0065830325
0.0000907893 0.0020406387 0.0049914009 0.0067649875 0.0012144412 -0.0040402984 0.0014288896 0.0022784801 0.0024567939 -0.0029916253 0.0048725136 0.0022033143 0.0004094585 0.0028904084 0.0032616560 -0.0003897336
