0.0014415318 0.0004428584 0.0284935053 0.0961757633 0.0988992523 0.0177081952 0.0418700934 0.0111536849 0.0210415733 0.0398385431 0.0838517642 0.0937858777 0.0622549493 0.0453349274 0.0202400361 0.0893458537
0.0093732229 0.0520390442 0.0142290093 0.0682901066 0.0544263505 0.0057377464 0.0542652220 0.0719585736 0.0461993124 0.0383900305 0.0799915349 0.0430709651 0.0748367089 0.0290375573 0.0478091616 0.0970329946
0.0239632597 0.0201707010 0.0360347433 0.0924294498 0.0655459792 0.0272875794 0.0691902191 0.0140339981 0.0879202114 0.0995702525 0.0454131423 0.0691133374 0.0884682229 0.0823084503 0.0325128987 0.0920234025
0.0564109164 0.0592908282 0.0327186799 0.0804188424 0.0078592051 0.0765745285 0.0822697014 0.0104031907 0.0079933613 0.0255487207 0.0424048089 0.0244681342 0.0585607873 0.0462081641 0.0488371456 0.0065595797
0.0659634537 0.0970662387 0.0143871723 0.0550337148 0.0027189390 0.0232342109 0.0953162809 0.0692154492 0.0354278741 0.0679973378 0.0843259862 0.0319488544 0.0993790585 0.0914276006 0.0939194285 0.0556022577
0.0651087036 0.0045412178 0.0481801008 0.0139427795 0.0322086494 0.0387311946 0.0346958861 0.0818153580 0.0841244012 0.0734747684 0.0053479372 0.0283775461 0.0504217880 0.0805746994 0.0253806137 0.0593744118
0.0150515049 0.0271572858 0.0991434320 0.0825624036 0.0375844093 0.0469855549 0.0137600042 0.0779024185 0.0194933036 0.0939791809 0.0098268055 0.0643590511 0.0605707725 0.0723808922 0.0881887222 0.0578759717
0.0200481913 0.0052618173 0.0987808793 0.0922743658 0.0423374698 0.0260279404 0.0778209184 0.0364256450 0.0688248817 0.0144704810 0.0210585535 0.0532821101 0.0559975523 0.0411532412 0.0230706337 0.0426617382
0.0010659039 0.0074130980 0.0955626659 0.0410974790 0.0811132537 0.0651771828 0.0863935108 0.0375144326 0.0596797114 0.0920470957 0.0813881908 0.0121043542 0.0809158180 0.0547266738 0.0153690419 0.0101092799
0.0870937953 0.0355723125 0.0462593272 0.0494616761 0.0350969817 0.0814435610 0.0010587390 0.0955993056 0.0210373239 0.0031883796 0.0845721509 0.0600880625 0.0510422365 0.0804660496 0.0750779951 0.0664304307
0.0516331917 0.0213875294 0.0416476414 0.0789645732 0.0716956475 0.0379542349 0.0316878816 0.0194539102 0.0232998966 0.0484706268 0.0018995822 0.0813793828 0.0895396733 0.0234679908 0.0519957557 0.0063937413
0.0281536272 0.0505054380 0.0915102932 0.0661460475 0.0816552947 0.0465446726 0.0575861866 0.0915416406 0.0322662675 0.0589495721 0.0908093228 0.0560449872 0.0586766545 0.0956774106 0.0743284699 0.0178001365
0.0226962970 0.0022968730 0.0909279484 0.0207747565 0.0450823648 0.0939382246 0.0534370044 0.0270637170 0.0854718871 0.0198976715 0.0712407981 0.0512973104 0.0072462243 0.0959248619 0.0504635384 0.0061516284
0.0427280251 0.0056463659 0.0358989046 0.0588656896 0.0977070545 0.0642400073 0.0822160558 0.0418255357 0.0280685282 0.0822700005 0.0795610435 0.0870825236 0.0884236123 0.0844530704 0.0313493775 0.0351830889
0.0755636624 0.0247187184 0.0284985602 0.0799916695 0.0150446511 0.0074240798 0.0274821365 0.0201354015 0.0344342235 0.0969784245 0.0969047008 0.0653765077 0.0131822293 0.0686679403 0.0709811139 0.0181712473
0.0215742760 0.0578327550 0.0104995809 0.0408144906 0.0618220834 0.0153293326 0.0520281607 0.0109681630 0.0095247040 0.0499774157 0.0992265257 0.0387511898 0.0163056329 0.0043734668 0.0176979733 0.0664905445
