0.0786213271 0.0811352678 0.0651022486 0.0484530111 0.0697146377 0.0360756292 0.0894689690 0.0201108232 0.0506405369 0.0614174091 0.0205505172 0.0332920809 0.0926030068 0.0797023024 0.0145661183 0.0723234912
0.0393751136 0.0799036199 0.0135203932 0.0679180132 0.0515141186 0.0562133292 0.0352905383 0.0086025925 0.0183143608 0.0042373137 0.0753696849 0.0500087176 0.0530368592 0.0901634357 0.0391766077 0.0481342047
0.0762794437 0.0394144183 0.0537783792 0.0245003395 0.0827196553 0.0212066061 0.0927607581 0.0811669454 0.0545905282 0.0022627741 0.0641913996 0.0773039067 0.0913054478 0.0598692486 0.0412575178 0.0637681976
0.0870416225 0.0981954656 0.0277025337 0.0294429261 0.0742261960 0.0193224257 0.0547333219 0.0144952873 0.0627891820 0.0172161675 0.0583331954 0.0732989629 0.0192647315 0.0805643527 0.0636929541 0.0586540251
0.0674840557 0.0413742142 0.0029736990 0.0864600219 0.0396581559 0.0135590774 0.0249565476 0.0465184455 0.0594925882 0.0277681814 0.0791399879 0.0402562356 0.0883585485 0.0858311937 0.0118459826 0.0354457317
0.0410163842 0.0583282410 0.0083275113 0.0306934003 0.0572900667 0.0011168021 0.0292886919 0.0502189103 0.0694811912 0.0401429169 0.0705588381 0.0406134993 0.0510787446 0.0202947089 0.0733704978 0.0332584417
0.0395126252 0.0784757829 0.0585878579 0.0113831110 0.0084404794 0.0196735286 0.0243207270 0.0733946871 0.0138467488 0.0259906489 0.0824903997 0.0334158538 0.0986963485 0.0714514265 0.0857241081 0.0672732928
0.0405093953 0.0763765617 0.0834452482 0.0720548259 0.0884804988 0.0122279249 0.0036730837 0.0427203225 0.0144031134 0.0247885613 0.0887949291 0.0151290443 0.0869604831 0.0532678556 0.0821293386 0.0889017055
0.0401895052 0.0789321516 0.0268571019 0.0380178807 0.0959357857 0.0545654216 0.0803437421 0.0007781320 0.0058797503 0.0933883001 0.0321461203 0.0453910616 0.0416588420 0.0399953956 0.0783020169 0.0276511763
0.0742947826 0.0877386573 0.0110207024 0.0996329377 0.0518913779 0.0444247592 0.0662928236 0.0690287162 0.0126095039 0.0373620140 0.0270403124 0.0986623379 0.0843773165 0.0883088584 0.0123162218 0.0664093665
0.0806171319 0.0220113830 0.0666759412 0.0552507533 0.0531272916 0.0570734621 0.0693825420 0.0864662327 0.0069287871 0.0479856990 0.0548544737 0.0930322630 0.0716352763 0.0902377451 0.0564806932 0.0707695239
0.0621533843 0.0446652362 0.0393145887 0.0798699137 0.0328002090 0.0135317150 0.0948618017 0.0650223572 0.0820365431 0.0377891095 0.0330846708 0.0874275548 0.0334055713 0.0401460660 0.0529430990 0.0554454927
0.0630130289 0.0964208530 0.0347481146 0.0151915431 0.0253990386 0.0027897834 0.0108059128 0.0396901994 0.0626827413 0.0095651274 0.0479285813 0.0360347064 0.0030140915 0.0002053470 0.0195269232 0.0476665142
0.0270493076 0.0404430607 0.0474445192 0.0335013917 0.0920013995 0.0214764623 0.0565438525 0.0233382201 0.0469343359 0.0974119065 0.0491973396 0.0279668934 0.0440543769 0.0945636371 0.0598919851 0.0288637325
0.0749110856 0.0425923843 0.0797154982 0.0256599748 0.0357359549 0.0187837515 0.0445959527 0.0162210183 0.0864779802 0.0803249691 0.0985154222 0.0559324963 0.0598783614 0.0336745304 0.0982114868 0.0066289598
0.0472423050 0.0329753428 0.0925553801 0.0325977058 0.0691201881 0.0136281111 0.0457830002 0.0934685702 0.0405726165 0.0949359031 0.0647075222 0.0260459185 0.0193505536 0.0358553301 0.0595314846 0.0161294692
