0.3415203643 0.2563101011 0.8470845126 0.7181099203 0.7929872514 0.5484269318 0.6814281469 0.7080284905
0.6198968074 0.6473700424 0.6544604648 0.2832222913 0.5445878469 0.7347097479 0.9179832855 0.4912365086
0.2461546108 0.1338067872 0.1377054838 0.2511178578 0.6708714927 0.9785191299 0.0623433408 0.4176404475
0.1643960782 0.1185747669 0.8986974938 0.3488621733 0.5834840661 0.6022962980 0.2347420109 0.4618633806
0.3406535358 0.7226804625 0.9253751077 0.4443598758 0.8560206063 0.3656245727 0.4675092877 0.7944571862
0.9432991756 0.0269191004 0.5393071215 0.5603180539 0.4435205591 0.0744910825 0.0395601573 0.7025227095
0.0581793543 0.0353873089 0.8918115355 0.1493983025 0.9670750861 0.7190001540 0.5460795082 0.0939115905
0.4420520391 0.8624272724 0.0200280870 0.3696538612 0.5002871225 0.6689647905 0.9651307666 0.5717621705
0.5522469245 0.6700658926 0.8440441018 0.0739619157 0.6121830555 0.6221245315 0.4924433626 0.5618692339
0.5925428529 0.7148056770 0.9558040706 0.4876708218 0.1677184603 0.6875299651 0.3264122324 0.3886110557
0.6591938384 0.5011771787 0.6684021895 0.9200609344 0.3327825391 0.5832521493 0.5810566797 0.2461244282
0.0117244190 0.7500896736 0.7490380036 0.8142222350 0.9070096545 0.8175898398 0.5249997777 0.4897957997
0.5705056950 0.9157949381 0.0924668211 0.2333945289 0.9901600452 0.6595938605 0.2096219114 0.9600354793
0.3268335970 0.7032712502 0.0069254352 0.7906726677 0.2717992714 0.2275616831 0.7788476369 0.4678664757
0.1472448794 0.4775115457 0.0598774559 0.6344169478 0.5759713192 0.3769770482 0.5741680350 0.1988012582
0.8248704086 0.0836831513 0.7856553350 0.0842871781 0.3019830156 0.4164884495 0.3054678674 0.9773900910
