0.4972033193 0.8788463122 0.6761595626 0.7878754190 0.2219333654 0.2832601614 0.4727154357 0.9713844936 0.0527140110 0.8821271063 0.7444011698 0.6699695110 0.6500002739 0.0697531126 0.2261413982 0.0148735966
0.3719547803 0.4267302991 0.2345056070 0.9359785497 0.1095471513 0.8303486646 0.7129971330 0.6678398032 0.1018730450 0.7027216425 0.0804741071 0.2002673328 0.1546827797 0.1436279575 0.3156874774 0.4006072429
0.1563489309 0.1471367046 0.8142095723 0.8202716371 0.4217875889 0.5271021027 0.0825237866 0.2512308335 0.5650576346 0.5744189163 0.7240541023 0.7764566805 0.4850378085 0.1662467908 0.2194601914 0.4128937456
0.6551075150 0.8972046516 0.3856317051 0.8408890867 0.6972550045 0.2449651039 0.8889967619 0.7358741498 0.8792005552 0.6824394205 0.2136322302 0.0605788851 0.1246556740 0.7707582852 0.1594979494 0.9621919473
0.4227625104 0.9246638684 0.1760613042 0.7110942452 0.3922673150 0.3178960297 0.5112864436 0.0913471291 0.5528530087 0.4999737675 0.1447956037 0.3787105971 0.3346637454 0.2324774474 0.6762513172 0.1635891911
0.8053213969 0.9296596365 0.7312679060 0.3145055634 0.2262206509 0.9658120556 0.1090187548 0.4555975947 0.4827643027 0.5890994680 0.2380217469 0.6700440060 0.8182777742 0.4427568254 0.0351209618 0.1184493259
0.4548712107 0.6825460206 0.4195668698 0.0003360590 0.1011413883 0.5833370023 0.5213999472 0.5157323965 0.1013236370 0.5456276214 0.5426043773 0.2186224154 0.7953316704 0.4673947396 0.6711620929 0.7032863333
0.3097533319 0.6193685330 0.2227629460 0.8607800061 0.6956133696 0.1024278406 0.2432255909 0.0612582235 0.5719058838 0.4052346432 0.0378663774 0.6228745175 0.2788549511 0.4877183919 0.4877577470 0.9425310948
0.9378455854 0.4737015459 0.4255557081 0.0401709565 0.4436521600 0.0054854141 0.4056062996 0.8904192595 0.4396202782 0.7983975436 0.8359189660 0.4196773806 0.2186100224 0.7401971287 0.9779805452 0.4640284466
0.2478839182 0.0069904274 0.8391693306 0.3593341355 0.1395414201 0.3131248712 0.0365445270 0.9853519309 0.6193321737 0.9694357864 0.5979178554 0.5526817182 0.8970697608 0.9668030801 0.0895964341 0.9222462394
0.2174381080 0.0734178208 0.4012172820 0.8422859418 0.8805206869 0.9470074124 0.2025502116 0.7084813884 0.1505371131 0.9387491326 0.5705828372 0.1529112927 0.4282013902 0.9906360672 0.5904452225 0.5346935920
0.9229632079 0.1583475022 0.8112776569 0.9131618738 0.2976141783 0.0464435370 0.4646842051 0.3140343009 0.8223789921 0.6022827463 0.7669631525 0.8212325466 0.4087395951 0.9342737234 0.9010666120 0.9286821381
0.1700821876 0.7990871557 0.1657922949 0.1879553636 0.5510326428 0.7461245185 0.3591278782 0.1387302316 0.5550091988 0.6422532702 0.6314393630 0.2835697254 0.4653476719 0.1531271561 0.3447730080 0.1148435296
0.5471799720 0.8984044267 0.3286337424 0.6244839300 0.4178851828 0.2661051874 0.8628946284 0.2450788335 0.5281170676 0.1689558370 0.2777670597 0.2426254853 0.6831869658 0.8016980268 0.2698981030 0.0404017455
0.1615839141 0.0090331356 0.8131398327 0.6518745786 0.6147643187 0.4201393996 0.4168422896 0.0053809604 0.2787584894 0.2646865593 0.8328751147 0.8444784840 0.7784897825 0.6967440528 0.7427075967 0.5958061130
0.6279137624 0.4077733472 0.9550003735 0.0094347994 0.0471792358 0.3680062086 0.1069278439 0.1744877290 0.7587905243 0.4370991939 0.0566757209 0.2791434297 0.3950029635 0.4770517481 0.8381992716 0.5680430484
