0.7374146571 0.4787803286 0.3035389274 0.5594393844 0.7409711858 0.8977084645 0.9476954347 0.2057387777 0.2715205059 0.5375555554 0.1253500253 0.6387324619 0.1471418246 0.4876750938 0.2665238471 0.9353232602
0.5438394187 0.1671391350 0.2550396387 0.2823150347 0.9076472791 0.5909901340 0.1294752869 0.7138562412 0.7135603633 0.9911530397 0.6817451157 0.8965251729 0.0906107249 0.0147635432 0.0574172166 0.4501689572
0.7940720600 0.4177603861 0.4010065144 0.4958454472 0.9873971727 0.9325971714 0.4897319008 0.4784691606 0.8447945600 0.8649497809 0.9588251318 0.8276777218 0.0046234845 0.4167537803 0.6044984207 0.9570510747
0.6796382119 0.8688522095 0.1125310763 0.2228011774 0.2582071504 0.6833816881 0.9432536321 0.7266783528 0.2368304921 0.4648373465 0.1485968758 0.8173555902 0.8908694674 0.1474491645 0.2710939882 0.6689845431
0.8030051611 0.6359444854 0.9408881808 0.8212196472 0.0916104329 0.4387931192 0.8980984478 0.3253565812 0.0514520760 0.4553213655 0.6433325484 0.5530953121 0.5015681403 0.7029584072 0.8857985974 0.7963204828
0.7651422746 0.3284577700 0.9620680834 0.7270987329 0.9369343472 0.6258676473 0.9940898785 0.6113606925 0.0133388456 0.2221849360 0.7010608999 0.8492651104 0.5086240522 0.2194202511 0.9104157136 0.8076043717
0.7089878742 0.2282773144 0.0230410094 0.3433365877 0.0405591306 0.0573401152 0.3423317726 0.2198029596 0.1294655644 0.9062217291 0.4936461794 0.0047999913 0.6737805359 0.3970193064 0.0247503259 0.6013959983
0.7296847669 0.8434061110 0.2761923540 0.9343124709 0.5594496837 0.3614956018 0.9922212719 0.0232585238 0.4397698820 0.0954128219 0.7480242778 0.5501146341 0.1122054205 0.7376380161 0.3788001709 0.5061350660
0.1604364387 0.4475147742 0.5615617403 0.9145800082 0.1816400831 0.9919700277 0.3374538308 0.3125686197 0.4612710394 0.9995937152 0.2070980485 0.2884560918 0.9136026124 0.6386170085 0.4716258062 0.9968974182
0.3282547709 0.4030384260 0.7736896801 0.1801898289 0.6267723572 0.6170600942 0.3323784457 0.1012468839 0.7634828647 0.9572150377 0.5291623281 0.5817491256 0.1197826797 0.3572387571 0.2760922706 0.8908091199
0.4190831107 0.5460941093 0.9782329572 0.3145701669 0.2125052594 0.2135621701 0.0869260444 0.1160496419 0.3997365727 0.7813433545 0.3868668603 0.5403951971 0.1472027686 0.1720038824 0.8242365894 0.5488304419
0.4074647612 0.2597500483 0.9617972451 0.8952834447 0.8443605505 0.3067483944 0.9028591325 0.7180264865 0.2196020409 0.6499568921 0.8650963746 0.1511037325 0.4596982513 0.6478369844 0.8260260574 0.8143115399
0.9180262105 0.3743094921 0.6339559891 0.6315398939 0.8500987148 0.3941109150 0.6319127311 0.1979308247 0.9834738436 0.7339125519 0.6957698202 0.3514496814 0.8329242040 0.7996698886 0.7472693030 0.5403556907
0.2005954895 0.0086476213 0.0798334996 0.1797331131 0.7595842829 0.1849419013 0.0316180210 0.8905717811 0.0012306999 0.1079492391 0.0964960564 0.8003840635 0.4423149883 0.8113493798 0.2213826972 0.4553943563
0.9553245939 0.3886783723 0.4100202924 0.4712812262 0.6319474429 0.3588117048 0.4800733796 0.4803527116 0.2149261416 0.4603095145 0.7729722920 0.3828085479 0.5075865129 0.6415879781 0.5969753904 0.3880022581
0.8388275202 0.8417678004 0.9759606779 0.8612537946 0.8696644615 0.9656835517 0.3757615727 0.0863960289 0.4109208552 0.3574251967 0.4518829703 0.6016840375 0.4784250830 0.9891377289 0.9055464460 0.1986533341
