1.1134979270 0.8724604500 0.6944373821 0.9762246257 1.0617581292 1.2074236225 1.2636069580 0.5070416603 0.7017518086 0.9910591238 0.4443200367 0.9245338937 0.4835239538 0.9499282279 0.6714137958 1.3482919023
0.8966822072 0.5589487145 0.6364816694 0.6966067495 1.2436842569 0.9323406030 0.4457378735 1.0353725144 1.1023222866 1.4633008531 1.0001052548 1.1934887183 0.4329075706 0.4586785955 0.4836484546 0.8912938675
1.2691016409 0.9166324268 0.9018725178 0.9389452302 1.3441459679 1.3000726689 0.8833629904 0.9262030017 1.3496370285 1.4468590203 1.4011517003 1.2021576820 0.4708250916 0.9820455909 1.0754955724 1.4513664942
0.9860598985 1.2641254111 0.4490207245 0.5951793061 0.5167008239 1.0393102470 1.2502756576 1.0580163507 0.5119734282 0.8749885312 0.4564081245 1.0909935460 1.2484799372 0.4852333263 0.5224931929 0.9765678510
1.2097897738 1.1324529633 1.4219513516 1.3545533880 0.4877285756 0.9063638166 1.3275146812 0.7773256071 0.4517633782 1.0436882910 1.0950972000 0.9485598559 1.0100254033 1.2413645771 1.3382989875 1.2871074694
1.1203140084 0.7297294424 1.3533434526 1.0765120579 1.2043309375 0.8745846414 1.2587971745 0.9407409910 0.3728230065 0.6501794229 1.0413560005 1.2006356964 0.8895500044 0.6075666553 1.2510364296 1.1489785350
1.0838921274 0.6364618430 0.5203781642 0.8561485930 0.3973512965 0.3946042986 0.6712475173 0.5487803250 0.6125677436 1.3918520639 0.8860377885 0.4393970694 1.1180701911 0.8875636307 0.3916601833 1.0837330652
1.0874935019 1.2416270295 0.6496646448 1.3093482963 0.8573866221 0.6393897619 1.2968221147 0.3296739663 0.8208185742 0.5187405866 1.0980260301 0.8611788934 0.4407915652 1.1164094454 0.7332912172 0.8892814866
0.5034814404 0.8752389160 0.9628912497 1.3203795111 0.5250171375 1.3937404236 0.6238627117 0.6885500890 0.8499477552 1.5202508387 0.6023312659 0.6343178590 1.3529856445 1.0906069293 0.8232895694 1.3897364426
0.7358675753 0.8806021013 1.2388404621 0.7320093057 1.0159657554 1.0074747358 0.6771932870 0.4437962947 1.1703556261 1.4549660453 0.9042893846 1.0025900609 0.5480356904 0.8204753464 0.6746901630 1.2845905914
0.7421444820 0.9329425519 1.3288453137 0.7152127023 0.4867854644 0.4853035172 0.3864544443 0.4054129783 0.7588009693 1.1975273959 0.7300771003 0.8684880704 0.4831502579 0.5180581457 1.1277344049 0.8861348464
0.8263088796 0.7656465435 1.4493718942 1.5164842245 1.2909514690 0.7492337513 1.3138444882 1.1185886990 0.6896729212 1.2279664910 1.3116821363 0.6004843144 0.9544761231 1.2035689574 1.2762570318 1.3169862790
1.2990561760 0.7584208830 1.0398714078 1.0401929338 1.1654746966 0.7254120590 0.9187178268 0.5239296204 1.3219401004 1.1621683493 1.0789672062 0.7170807873 1.2353564126 1.2400695773 1.1039300744 0.8627495336
0.6443090915 0.5334570687 0.5550276024 0.6906923317 1.1409945055 0.6002953521 0.4135676803 1.3003856094 0.4693753021 0.6829420547 0.5351937801 1.2084433100 0.9447771194 1.3568265368 0.6603256454 0.9151318259
1.2904645605 0.7083721644 0.8328315492 0.9443209542 0.9576333870 0.6553831298 0.7976466403 0.8940641652 0.5547689216 0.9489957204 1.1683029856 0.7165497090 0.9011268009 1.1377689314 0.9290985216 0.8042554440
1.0934288621 1.0998058281 1.2740377925 1.1888204701 1.0892181086 1.2579839585 0.5953319689 0.3740105009 0.6615807784 0.7412549883 0.6843661757 0.8080417953 0.7451068271 1.3229025955 1.2030880915 0.5145246169
