1.09375 1.09375 1.09375 1.10156 1.07812 1.09375 1.10156 1.08594 1.07812 1.10156 1.08594 1.08594 1.09375 1.07812 1.09375 1.10156 
0.976562 0.976562 0.964844 0.980469 0.96875 0.96875 0.96875 0.96875 0.976562 0.984375 0.976562 0.972656 0.964844 0.96875 0.96875 0.976562 
0.867188 0.847656 0.847656 0.859375 0.859375 0.851562 0.859375 0.839844 0.863281 0.882812 0.867188 0.84375 0.84375 0.851562 0.851562 0.867188 
0.875 0.875 0.882812 0.882812 0.863281 0.886719 0.882812 0.859375 0.855469 0.902344 0.867188 0.867188 0.878906 0.859375 0.867188 0.894531 
1.02344 1.01562 1.02344 1.03125 1.00781 1.01562 1.02344 1.00781 1 1.02344 1.00781 1.00781 1.02344 1.01562 1.01562 1.02344 
0.726562 0.722656 0.742188 0.722656 0.726562 0.734375 0.734375 0.71875 0.703125 0.707031 0.710938 0.730469 0.726562 0.714844 0.738281 0.714844 
0.910156 0.886719 0.878906 0.898438 0.867188 0.886719 0.890625 0.875 0.871094 0.941406 0.894531 0.875 0.894531 0.875 0.867188 0.917969 
0.9375 0.929688 0.914062 0.9375 0.949219 0.917969 0.925781 0.941406 0.949219 0.925781 0.945312 0.9375 0.921875 0.941406 0.929688 0.914062 
0.964844 0.960938 0.972656 0.972656 0.953125 0.96875 0.960938 0.949219 0.960938 0.988281 0.964844 0.957031 0.964844 0.953125 0.960938 0.972656 
0.972656 0.988281 0.992188 0.984375 0.972656 0.992188 0.96875 0.972656 0.980469 0.996094 0.976562 0.980469 0.976562 0.960938 0.980469 0.984375 
0.984375 0.996094 0.992188 0.988281 0.988281 0.992188 0.984375 1 1 1 0.996094 1 0.984375 0.976562 0.992188 0.984375 
1.08594 1.07812 1.07812 1.07812 1.07031 1.07031 1.08594 1.07812 1.07031 1.10938 1.08594 1.0625 1.07812 1.07031 1.07031 1.09375 
0.835938 0.8125 0.820312 0.835938 0.835938 0.8125 0.828125 0.8125 0.832031 0.816406 0.835938 0.8125 0.828125 0.832031 0.835938 0.8125 
0.769531 0.769531 0.765625 0.773438 0.785156 0.75 0.769531 0.789062 0.777344 0.746094 0.78125 0.777344 0.765625 0.773438 0.773438 0.75 
0.777344 0.765625 0.761719 0.773438 0.777344 0.75 0.773438 0.785156 0.777344 0.773438 0.78125 0.773438 0.773438 0.773438 0.769531 0.765625 
0.875 0.882812 0.894531 0.882812 0.871094 0.894531 0.875 0.851562 0.863281 0.871094 0.859375 0.878906 0.871094 0.867188 0.882812 0.875 