0.7730458663 0.5919675963 1.3237544318 1.1020255293 1.2534305116 1.0089742994 1.0958553496 1.1856493445
0.9462571844 0.8926342824 1.0152248008 0.5424594068 0.9075857175 1.0924768528 1.3209820588 0.8841235366
0.7034663816 0.4636860323 0.5843507412 0.6038778777 1.0862510578 1.4296666124 0.5198187104 0.8943669305
0.5402354890 0.3885369448 1.3217974892 0.6554824306 0.9467083317 1.0012374122 0.6554682570 0.9018916896
0.6947778303 0.9786090809 1.3039495927 0.7052536081 1.2387336378 0.7443216527 0.8790027658 1.2078865594
1.2609515637 0.2883623951 0.8584509391 0.8233041398 0.7325470534 0.3903203995 0.3954801458 1.0423518120
0.4557801051 0.3335514364 1.2173874318 0.4948002870 1.3624570184 1.0878956135 0.9662765982 0.4650289774
0.8081759949 1.1793852186 0.4364595549 0.7413092137 0.9109993126 1.0613813767 1.3786132533 1.0241494170
0.9242315857 1.0242853933 1.2418603278 0.3643130680 0.9807900011 1.0333324699 0.8507695910 0.9354172638
1.0154741372 1.0693772928 1.3909257479 0.8269248942 0.6220205639 1.1833918383 0.7547656702 0.9115066235
1.1313163517 0.8828246018 1.1196774328 1.2563400843 0.8229138552 1.1172208646 1.0452389221 0.7250828854
0.3937726780 1.0631799489 1.1791287933 1.1422042146 1.3181029000 1.2875583469 0.9303794090 0.9391792794
0.7782478301 1.0585333568 0.3323730735 0.4654038809 1.1758882057 0.8618324442 0.4249035975 1.2412739886
0.6703384050 1.0195785758 0.4280079306 1.0675825951 0.6772711637 0.6368264963 1.1788638906 0.8557440741
0.5746720528 0.8071805502 0.4899225595 0.9906778534 1.0071012814 0.8049824116 1.0166569027 0.5785153194
1.1497738321 0.3941971061 1.1743746920 0.3796610738 0.6803140006 0.8084501057 0.6422827980 1.3454144971
