-0.1144474087 0.1717016269 -0.0735941407 0.0992687599 0.0074783177 -0.0214502680 0.0682205841 -0.1373732225 0.1557203159 -0.1801697048 -0.0817069795 0.0863728836 -0.0918723889 -0.1373267175
0.1022170671 0.0727449441 -0.1678706550 0.1899119107 0.0455487259 -0.0409467157 -0.0699199884 0.0785423602 0.0347695537 -0.0437220933 0.0773558311 0.1217069624 0.0995027083 -0.0651421013
0.0692216174 0.1622702612 -0.0078311282 -0.0114736221 -0.1169189210 -0.0553375240 -0.0600616024 -0.0660136177 -0.1226992356 0.0115740391 -0.0744499245 0.0333594239 -0.2638804504 -0.1808449922
0.0221707695 0.0079049031 0.1244130633 -0.1336195983 -0.0441013900 0.0258978358 -0.1525058957 0.0124036152 0.0437504722 -0.0778585465 -0.0406875748 0.0037324129 -0.0107436037 -0.1339381781
0.0218117114 -0.0292149991 0.0305642990 -0.0765421020 -0.0929864055 0.0909957974 0.0677037034 -0.0688485774 0.0692461191 0.0375440302 0.0545855156 -0.0533065156 0.0867728145 -0.0897040853
0.0102847417 -0.1370550071 0.0050690654 0.0764554410 0.0182848648 0.1230803091 -0.0432775570 -0.1072926397 0.1088757859 0.0618491838 -0.1253544546 0.1412651888 -0.1206899808 -0.1843941461
0.2297293513 -0.0797994591 -0.0858636145 0.2193597063 -0.1253272499 0.0672682901 0.0230153860 0.0718670294 -0.0230283245 -0.0108820460 0.0102391512 0.0376772934 -0.0549157138 -0.0537314211
0.2023842455 0.0001395676 -0.0591863376 -0.2510807438 -0.2543593048 0.1078786485 -0.1529963286 -0.0555227806 0.0986985655 0.0454278855 0.0425042607 0.0191162305 -0.0241423247 0.2131008052
0.1168446344 0.0058047380 -0.1904651891 0.1187803110 -0.1013159986 0.0499809139 -0.0029433415 -0.0962732902 -0.0264211344 -0.1451856264 -0.1116362608 -0.0319517613 -0.1184288940 0.0482076476
-0.0352324806 0.0497267796 -0.2286164674 0.3661202898 0.2263811985 -0.1589094443 -0.1091322046 -0.1312122853 -0.0144925145 -0.0551235176 -0.0073926933 0.0801974187 -0.1466871979 0.0892894669
0.0618173521 -0.0251734596 -0.1719731769 -0.0735901397 0.0938712114 0.0962747162 -0.1514402485 -0.1485881782 0.0109351457 -0.0672256710 -0.0732214878 -0.0485241972 -0.1327226844 0.0109269896
0.0683575415 0.0831192209 0.1661455975 -0.1718665408 -0.0209851831 0.0384917697 -0.2306572508 0.0568143716 0.0173627475 -0.0359834751 0.0145841274 0.1508969604 -0.1502612420 -0.2141198025
0.0758812675 0.0942222186 0.0116515777 -0.1267098186 -0.0670723554 0.0317841246 0.1454786224 0.0417407067 0.0194710027 0.0456053687 -0.0045238980 -0.0737201146 -0.0005381411 -0.0711021591
-0.0056355447 0.0276716772 -0.0587586934 0.0583450286 -0.0135505300 -0.0274406037 0.0125052624 -0.0107867595 0.0920886288 -0.0507679267 0.0499153818 0.1684103666 -0.0636945755 -0.1740029386
0.1217987208 -0.1374746591 -0.2505321303 0.3476196567 -0.0603727665 0.1221905819 0.0559050397 -0.0752401697 0.1424653292 -0.0032397539 -0.0411564775 0.1490609837 0.0764290048 -0.0303240104
0.0289117640 -0.2661388599 -0.1057616731 0.0591695963 -0.0146099208 -0.0309420402 -0.1876002352 0.1561343768 0.1022656039 -0.0463381327 -0.0319656126 0.0429646442 -0.0564921253 -0.0277135931
0.1173687009 -0.0152105914 -0.0512872614 -0.0874444267 -0.0697332585 -0.0227235047 -0.0818252971 0.0613078529 -0.0551599761 0.0195399382 -0.0730329859 0.0822600711 0.0028541691 0.0305616124
