0.4459817100 0.5713048714 0.2815103843 0.8685576737 0.4091212837 0.2883409729 0.8930744670 0.9035394966 0.3257326651 0.8810452525 0.8253625301 0.6785946281 0.4365926808 0.1980789362 0.5967337479
0.9282209154 0.7199007719 0.1265101167 0.4656235254 0.8033501214 0.8446357876 0.8006223935 0.5965295775 0.8059874258 0.9668711169 0.4761259780 0.1948093333 0.2643286350 0.2806425216 0.9871809195
0.8546713396 0.3024905331 0.6889103671 0.3122402777 0.2135772563 0.9986208464 0.8553707074 0.5919360051 0.6336276182 0.8989386766 0.7919619776 0.6918386520 0.5246858614 0.3148515309 0.9296476046
0.5318311164 0.9886090418 0.0088471953 0.4950620280 0.1367061170 0.1218579459 0.6405242322 0.0830493231 0.3455855733 0.4130229124 0.8835461280 0.5526340904 0.8137092360 0.8219714122 0.4890633860
0.7516504534 0.3873345557 0.1335809100 0.2811263493 0.8714473363 0.4067808689 0.0165616607 0.3271156241 0.1512583968 0.1077140288 0.7919528723 0.1441823263 0.5172831905 0.1792242942 0.2039815345
0.3597513705 0.7014624544 0.9755846423 0.0034474139 0.6805504768 0.6388655341 0.1472354883 0.4512282886 0.7109234603 0.9877033537 0.3565729956 0.0056476281 0.4944103293 0.6523860314 0.1021093192
0.8908870802 0.2906033205 0.3664036368 0.6130591175 0.8721484361 0.9291935690 0.4514717794 0.1579177542 0.7763870744 0.2161349138 0.4948576533 0.3298656141 0.5707157071 0.4576746499 0.7793904735
0.2497237306 0.0939349818 0.3605853664 0.9944663040 0.2234947927 0.8241725637 0.9889444794 0.8061432952 0.9880013600 0.5654887047 0.1527014757 0.8921524500 0.9403260291 0.8841041118 0.3855040402
0.8639183987 0.5359400325 0.9656521200 0.3380617088 0.1060479794 0.8687167432 0.4268920273 0.6338040732 0.4862845510 0.8566996912 0.5945922467 0.4228468054 0.6481870634 0.1209640254 0.8915754179
0.9157140639 0.0653861126 0.6959722081 0.6379365494 0.2930758901 0.5094709177 0.1515930251 0.2700858782 0.6470438768 0.7921280810 0.6710411427 0.6794248482 0.6127849374 0.1100699342 0.2397488180
0.5128385065 0.6727279251 0.4489362273 0.8566018827 0.0394243985 0.9708580646 0.2232467562 0.5569856341 0.5773869707 0.1765947679 0.8794068846 0.5478030468 0.5782316893 0.2778105597 0.2988532349
0.6609453542 0.6305927442 0.4268715926 0.6092188282 0.2552304426 0.0698625736 0.2206427521 0.9974116406 0.3879601830 0.8906751960 0.8960581203 0.2688159692 0.9154506779 0.6717838609 0.0024231632
0.5910742890 0.7294950446 0.6185158244 0.0683737834 0.4046009856 0.6493627194 0.9346100030 0.6498915420 0.3081025272 0.2998457130 0.2761592750 0.0715764920 0.5198929964 0.9487575644 0.3556461330
0.7529519958 0.9413349978 0.7853336369 0.9067784327 0.5960967288 0.6252436337 0.2521402136 0.4894140272 0.4689290614 0.4248702808 0.2634229520 0.5468216539 0.1387079406 0.9177134069 0.2958526701
0.4386208769 0.7321004103 0.3912146826 0.1595093371 0.4277852009 0.8512425151 0.7909523804 0.1024716632 0.2285184462 0.7599754480 0.6481394816 0.8924922444 0.8027501832 0.4456041413 0.5254665829
0.5348962153 0.3134884645 0.6801806433 0.9737627155 0.2561026312 0.6432244792 0.5403519691 0.2193623176 0.9275287809 0.5196403839 0.7153964499 0.7995551398 0.4536482059 0.4942097848 0.7076887529
0.8674918733 0.2132252198 0.1867269908 0.6052043358 0.2888737623 0.5946814639 0.0030184886 0.7258141436 0.0159501880 0.7774996387 0.6835854273 0.7762165194 0.4014398724 0.3191174700 0.7773110919
