0.4134812400 0.8764925449 0.7461238999 0.9355592327 0.5657966387 0.5998233922 0.3758167053 0.6406197021 0.5464603825 0.9020215626 0.3418978658 0.7059119159 0.8879213358 0.3320808606
0.9524916580 0.1856231606 0.8271213298 0.9045799339 0.0858596980 0.1690788515 0.7936260600 0.4136865803 0.2320365929 0.1884180931 0.5661255260 0.6457722826 0.1393064652 0.5087689410
0.4053331370 0.4953968582 0.4629094485 0.7285275888 0.9345420104 0.3934663208 0.9798698071 0.3588173799 0.3646169249 0.6202194806 0.7686973519 0.9683022827 0.5613662305 0.7076117267
0.0660540753 0.7479396249 0.8832491609 0.7119555175 0.3455675424 0.2309417390 0.1441568526 0.6193513124 0.6187703198 0.6052797622 0.0518854582 0.0256323260 0.4790162180 0.4018405978
0.4127516955 0.0582543790 0.7237953793 0.8995858848 0.1268712245 0.4109325733 0.8693106354 0.4294027394 0.3784918412 0.3507010919 0.2780282767 0.2539580048 0.3206264671 0.2761276094
0.1901286121 0.2738597502 0.7668024135 0.8184234498 0.8344832977 0.4613134940 0.5045272914 0.0417247940 0.5694254133 0.4198927279 0.2971971726 0.1688741381 0.8924215784 0.8924024467
0.1519585900 0.1024144869 0.1991092112 0.9503476350 0.6466040230 0.4497292474 0.1950947364 0.4203584968 0.5437715430 0.3146621620 0.2873768579 0.2603961891 0.0086471585 0.2378364996
0.8614030615 0.8974818235 0.6716004414 0.9941542920 0.3834240526 0.5463734853 0.6266285136 0.2841152554 0.6114121105 0.2106038044 0.1396734080 0.7258981264 0.8661195613 0.7321641295
0.5544971825 0.3744738181 0.5424480782 0.6223966807 0.3574029942 0.7766952693 0.1046783988 0.3192695749 0.2281560671 0.6256282021 0.3012230439 0.5215862854 0.4638242168 0.8302267258
0.9050153135 0.5248225482 0.9878195143 0.8654259354 0.4436385192 0.9595687657 0.9971466624 0.2019320377 0.0909437973 0.7906384502 0.1872536275 0.5884231496 0.3076002708 0.7797099736
0.3964207632 0.1091197223 0.9350049124 0.6684606487 0.4971856429 0.1306886153 0.6662044583 0.7804676292 0.6482909528 0.2300868939 0.9548730116 0.1766607538 0.7524284156 0.7574681588
0.9732412079 0.7441052361 0.0472645084 0.7471317086 0.1347058998 0.2575831768 0.0224872986 0.0172735516 0.3409856384 0.4422493209 0.5830637221 0.1407166885 0.9468663009 0.7478805403
