0.8872586935 0.8817030381 0.9978056503 0.6792674085 0.8617929686 0.2018017007 0.0227674438 0.5681172682 0.1735825858 0.6718324153 0.5361837047 0.7652076157 0.0922753350 0.2692452944
0.9717769111 0.4676394656 0.8110025469 0.7639665058 0.4056873873 0.2908883901 0.0341351886 0.1271781570 0.5577285730 0.9181531296 0.4103728841 0.1464294327 0.3279995466 0.3837983592
0.3969059278 0.6735105794 0.6404777995 0.8025584235 0.5116381888 0.1233408339 0.9125303929 0.1602135996 0.2291719851 0.2109459296 0.2488679166 0.7771909747 0.2582990142 0.1419814975
0.0317554547 0.8564093503 0.3331935390 0.2499662157 0.3630607665 0.7447232872 0.7500012363 0.1490942895 0.0370652370 0.5723866703 0.2680710013 0.8845443043 0.0562582543 0.3079316902
0.1161941180 0.8005087353 0.2025865994 0.6599930893 0.4593435525 0.0418779146 0.1307745749 0.8916420103 0.4593986099 0.7500878767 0.1729044250 0.1909401149 0.3894451708 0.0421268369
0.0024671506 0.3162434836 0.7244626249 0.8812189702 0.4480434664 0.0281927154 0.4912196164 0.3877613683 0.5355189392 0.7032834946 0.9346304732 0.5665598478 0.9984041600 0.6037978450
0.2413389345 0.8096255120 0.1341301237 0.0596045421 0.5399962683 0.7582067846 0.6701814428 0.5935487158 0.5585016330 0.5964220357 0.2431225093 0.7622208971 0.6172431593 0.8150456448
0.4873714323 0.0164571629 0.6927510538 0.2825339155 0.6502301886 0.1152325253 0.2080729937 0.0117651325 0.0894033166 0.6030475297 0.8267553838 0.9474784775 0.6730851057 0.7654663508
0.4188959991 0.2421120696 0.5352906727 0.7769074134 0.6289812826 0.3073104018 0.9134661637 0.0280177818 0.8063137385 0.3303888453 0.4910306419 0.3450914706 0.8016963309 0.8692337774
0.6289180520 0.6715214609 0.6526190279 0.6391104623 0.9670234233 0.1844205176 0.0305449890 0.5032696879 0.7455566170 0.1404555717 0.9849482979 0.1700400849 0.2825291220 0.1140527913
0.5339213658 0.2633729720 0.2125140921 0.4818836979 0.4684040855 0.3914531231 0.4761535033 0.1529399154 0.5860938557 0.9666486740 0.9485322147 0.4345588883 0.0584568648 0.1524540380
0.8060562160 0.7195380361 0.4330492894 0.0564830807 0.4301710480 0.6963736754 0.9100891922 0.9590022228 0.2803661328 0.5205621198 0.1957284438 0.6366004367 0.9910027912 0.8260905416
0.7991302188 0.4396838101 0.9146266624 0.1860590952 0.0389930784 0.2194936496 0.6469243731 0.6909637802 0.8851125235 0.3060068719 0.6632154999 0.9784324348 0.0136677074 0.5754734546
0.2949999388 0.7649744289 0.7638448405 0.8898008937 0.6701269331 0.5645278103 0.4958096377 0.8594709007 0.4015711056 0.6494415559 0.0908883623 0.5767101137 0.3968966584 0.1855799062
0.0111201752 0.0242141024 0.5915057159 0.3798277646 0.1489199564 0.9166812944 0.9698415242 0.4179470528 0.3160947944 0.4466805712 0.6319414121 0.6842524867 0.1465302244 0.4796608565
