0.9870577979 0.8920701400 0.4964153818 0.1685836699 0.8004403720 0.4333210540 0.1916970143 0.5576835201 0.1725220088 0.3718646854 0.4725089900 0.9639037588
0.3913490839 0.7635180315 0.1990120024 0.5381502988 0.2961273778 0.1157116060 0.5895281860 0.0996985006 0.7862390626 0.6074592478 0.0396282346 0.7053371065
0.1324202355 0.3241706293 0.8304169783 0.8557034808 0.4808111925 0.6663188836 0.3595103585 0.6627896325 0.2558009543 0.3704225919 0.9164296849 0.8893101966
0.0635948851 0.8085141161 0.1436105694 0.6997826050 0.2497381592 0.2699662882 0.3792842364 0.6709458049 0.2876530951 0.3508546742 0.9058289737 0.0871034624
0.5098898631 0.6207591074 0.7654091531 0.9620150061 0.6129922406 0.1422668141 0.6073837958 0.4870512675 0.5059907338 0.4161851893 0.0375132051 0.7593731434
0.4923889297 0.1779701384 0.6349756341 0.3968253417 0.8629514698 0.3661693010 0.1882092278 0.8503204078 0.8403459785 0.5737618364 0.1969518199 0.4104626828
0.1732735400 0.9989138153 0.3989244878 0.0110883478 0.5600753976 0.6898624561 0.2598214066 0.2656177688 0.7585781012 0.0636120265 0.8725419337 0.7336102446
0.1138734633 0.1521419169 0.5702451193 0.6355935153 0.5090970006 0.1846045290 0.1800459818 0.4758285644 0.9815066852 0.8237143659 0.2699281974 0.5673379835
0.8349899636 0.9717177672 0.7988578019 0.1417525659 0.2765690807 0.9041500078 0.0628550033 0.3690263082 0.8857797167 0.3081174748 0.3254856018 0.7523127264
0.8905202092 0.7921009468 0.8656011925 0.1837866963 0.7716602050 0.8343022872 0.6708400550 0.7248937163 0.3002996791 0.9099545880 0.7670467936 0.0994074653
0.9648715372 0.4964417856 0.8543043782 0.1368178224 0.4497123653 0.6963432892 0.2791695618 0.4352365413 0.2337942117 0.6322292431 0.6680479785 0.1923679229
0.8435514285 0.7794966664 0.9852126313 0.4891891518 0.2774503237 0.8818000565 0.0803044843 0.4057177038 0.4364335940 0.9303481126 0.3498571200 0.4109262946
0.3393520218 0.7699295441 0.5899817937 0.4495298743 0.6813422124 0.0987953564 0.7461660480 0.4321619263 0.9406002537 0.8259103914 0.7382570747 0.8245887300
0.1620271379 0.3089519082 0.6888161592 0.1572474895 0.3906709071 0.1515094990 0.2076962770 0.4725344889 0.5060847144 0.5313933794 0.2763413085 0.9959272685
0.5675850183 0.7668135344 0.0153483193 0.7264444706 0.7648067399 0.6774175180 0.1688076959 0.6718810152 0.0803136323 0.7101651220 0.0321211603 0.1190997122
