0.1816869685 0.1887662586 0.2140539672 0.5733859027 0.4807142463 0.3955850117 0.2154337515 0.0817687063 0.6639322725 0.5751056706 0.8954573841 0.8056845604 0.0682984757 0.0651073733
0.4190639774 0.2840778493 0.7664535903 0.8015127290 0.0765597022 0.2451601425 0.5498519580 0.4067310828 0.4298337785 0.9285377290 0.6551357009 0.9369879378 0.9695184369 0.4592788745
0.9478033325 0.4170438113 0.1101750571 0.3212288355 0.6519258715 0.3895371903 0.3872516367 0.0065272553 0.5739273599 0.4247616677 0.3036875660 0.8759130365 0.8137821246 0.4198393521
0.5914913305 0.6771571771 0.2668987850 0.3927748480 0.3908406822 0.8159932723 0.0836068351 0.3901040860 0.7900652860 0.2896620021 0.3460628877 0.6058124589 0.0342069374 0.4506342184
0.8805363513 0.2102215346 0.1277652564 0.9266475821 0.4612536971 0.9805801926 0.7964546853 0.0102028916 0.8056936634 0.4360959117 0.2324235201 0.6940443698 0.3347742587 0.2190601545
0.7858939549 0.6865190397 0.9153851801 0.5030957297 0.4321043061 0.0409292124 0.5323771184 0.9572359472 0.6704002255 0.5060179252 0.4584710422 0.8502109983 0.7208099809 0.1105444867
0.8455980240 0.7467331658 0.8781339183 0.5398198422 0.9096027388 0.1324043625 0.1189249106 0.2962349145 0.8035396673 0.0196837984 0.3911469581 0.9523268688 0.3506063309 0.8901503582
0.3001582128 0.0605700880 0.2287744629 0.3250126959 0.8322382653 0.6606352676 0.4266713169 0.0875353415 0.6866145500 0.5775696607 0.6356675670 0.2149237568 0.5402271736 0.5739237031
0.1765966518 0.3291319562 0.2634367411 0.7904453068 0.6829408883 0.6105832397 0.0016341168 0.5127645027 0.1142201907 0.6214575164 0.7286333776 0.2481453544 0.7288255926 0.3378586936
0.9057343677 0.4982892965 0.6695974471 0.2220404014 0.6754763502 0.7072326646 0.7612205767 0.6396235497 0.9018215641 0.3960866161 0.6457139327 0.9144678945 0.5499236307 0.8710364225
0.1218033196 0.2067030669 0.2835940859 0.0244654769 0.0271824173 0.7095070811 0.5870534027 0.2556990046 0.3409619275 0.6391605709 0.6968797785 0.5106884192 0.7659771834 0.1238522402
0.6756465732 0.1976693895 0.4426248144 0.0418872706 0.1566534062 0.9134182125 0.6913093178 0.6876533542 0.7423770093 0.5806794683 0.4446884740 0.6003971071 0.3195060866 0.9805899212
0.7630405044 0.5375984019 0.6740518031 0.2510292299 0.4650969984 0.2187246835 0.0244110076 0.2257459306 0.1431355117 0.8209556560 0.9546521751 0.4931738797 0.2522729803 0.0347596307
0.7373672358 0.1634723428 0.7739926330 0.6134841941 0.6005602840 0.4153016456 0.5454765343 0.1968015540 0.8468156507 0.5331923983 0.7683573335 0.7535729818 0.7372399162 0.7594381660
0.7527244562 0.1341351653 0.2505899911 0.3278251735 0.8522072567 0.4768155118 0.8054369969 0.3502965820 0.6157603004 0.1419697783 0.6514310999 0.7176534947 0.9367277796 0.9380662011
0.7290599641 0.4040934432 0.1930420842 0.3251618671 0.5092446910 0.5257567602 0.9667225434 0.6030925946 0.9289071435 0.7785686594 0.1969011069 0.3972920990 0.2999397003 0.3439778295
0.5102226365 0.3669459629 0.0330697869 0.4018284524 0.4225922008 0.9251863063 0.7094115404 0.0406336064 0.2010213276 0.6968450434 0.3072494245 0.2108842270 0.4598110111 0.9270817963
