4.8373467712 3.9984693028 5.1234319614 6.1678660064 3.4113728573 2.8995508088 3.6390545442 2.9684381894 2.9083788860 3.7175715623 3.3881342712 3.7821625826 4.0430497035 4.0435022222
3.9846416399 2.7946713006 3.8863104261 4.9378833677 2.2833788848 2.7324067713 2.2833263764 1.9233792365 2.4146308026 3.5163461758 2.2570651374 2.3166585316 2.6902181520 3.3414470147
3.8101329890 3.7952358204 4.9268393395 6.1691370867 3.6209693910 2.7136782395 4.4229044506 2.6678692095 3.3605582326 3.1826279495 3.2280121220 3.3538249310 4.3872570365 4.4409772624
2.6434795214 2.8417681546 4.0015295776 4.2700120326 2.3245232356 2.6029193130 3.4902834313 2.3489733948 2.3239872329 2.4606180073 2.3146993889 2.8321322590 2.5519677730 3.2782088171
3.4951384583 4.0124069112 4.0578518113 5.9379208582 3.1112796698 2.8256726097 3.2421201278 3.2963922970 3.1340586058 3.9424786935 2.5011629981 3.0312564958 3.6797192160 3.5936726992
3.3088246730 3.2679220931 4.6235785195 5.8060809846 3.0433316925 3.1026089137 3.8019079739 2.5019327453 2.9918714634 3.7158943997 3.0219881413 3.4698163614 4.4516154593 4.3002327343
3.5955645663 2.7979357916 3.7734174483 4.6618041506 2.8490014965 2.9541525875 3.7132499839 2.6704624997 2.9404545817 2.8689286561 3.1489319120 3.1258446666 3.8896025533 4.5830665325
3.5838402865 2.6795564508 4.2196633075 4.5759247097 2.9246355559 2.9498903885 3.0076905449 1.8832772732 2.1420738992 3.4640693903 2.7761901076 3.3714767449 3.6105386377 4.3220238663
4.2675839053 3.3462002475 4.7356061514 6.1329864664 3.6685618862 3.3001170144 4.3754767668 2.2391541288 3.4440517534 3.6274377214 3.4372290731 3.6530432059 4.8734119248 5.2163372347
4.7089509524 3.9057712085 6.1375827639 7.2468153241 4.8229344075 3.8675214556 4.9974154996 3.5599659194 4.1028901132 3.8535394701 4.2205355937 4.0323706824 4.4736133463 4.7612138147
3.6502640372 2.9982811182 4.4517728445 5.5088492296 3.6102443069 3.2163781317 4.2633287112 2.5578990507 3.2188676661 4.0577188360 3.6351454884 3.5264773085 3.6621806826 3.8525470195
4.5954297000 4.0832025896 5.2630737994 5.6854313497 3.8407015211 3.9966413911 5.0533185141 3.3906720439 3.0340998371 4.1846009375 3.0064353761 4.1314744905 5.0049219270 5.2362790451
5.0914966642 3.5193851041 5.5378480063 6.1921671012 3.0015767717 3.6183923246 4.5193111260 3.5076271295 3.7760852113 3.7774236242 3.8092587098 4.2187514941 3.6827336131 5.0489631200
3.4148829313 3.1724321784 3.4605762797 4.7809093759 2.6660434812 2.7989447290 3.0415407730 2.3330280430 2.2287862143 2.9824913315 2.2346836654 2.8491209809 3.2664704790 3.3742791382
2.8951693373 2.5602504847 4.6365779438 4.9786994038 2.2061425083 3.4090984271 4.1126808909 2.3689054483 2.5814300314 2.9714295937 2.1232078205 2.9360898114 2.9397049258 3.4426450019
