
33 28.25 39.75 47.5 27.875 27.625 33.75 23 26.25 30.25 27 30 32.25 36 
36 30.75 43.25 52.75 29.375 29.25 35.75 25.125 28.125 33.25 28.625 32 36.25 38.75 
38.5 32.5 45.5 54.5 31.875 31.125 39 26 29.75 34.25 30.25 34.25 38.5 41.5 
29.5 24.375 33.5 40 22.75 24 27.75 20 22.375 25.75 22.25 25 26.625 30.375 
21.5 18.125 24.25 30.5 16.875 17.25 20.5 14.4375 16.625 19.75 16.25 18.5 20 21.375 
29.75 25.5 35 43 24.75 22.75 28.5 20.5 23.5 26.5 23.125 25.625 29.25 30.75 
32.25 28.125 38.25 46.5 26.125 25.625 31.75 22.5 25.25 28.625 24.75 28.625 31.625 34.75 
36.5 30.75 43 51 30 30.5 37.25 25.125 28.5 32.5 29 32.5 37 41.5 
34.75 29.5 42 50.75 29 28.5 35 24 26.875 31.25 28 30.5 34.75 37.75 
30.375 26 36 43 25.75 24 30.875 21.125 23.875 26.5 24.25 27.125 29.75 32.75 
29.25 24.875 35 41.5 23.75 24.5 29.75 19.75 22.625 27.25 23.625 26.25 29.5 32 
32.5 26.5 37.5 44 25.875 25.75 30.75 22 24.5 28.5 25.375 28 29.75 34 
29.375 24.75 33.5 40.5 23 22.75 27.25 19.5 21.625 26.25 22.875 24.75 28.125 30.625 
32.5 28.25 38.25 46.5 26.5 25.75 31.5 22 24.875 29.25 24.875 28.25 32 34.5 
33.5 27.625 38.5 47 27.25 27.125 33.5 23.25 26 29.5 26 29.125 33 36 
34.25 29.25 40.75 49 28.5 28.25 36 24.25 27.375 31 26.75 30.375 34.25 37.5 
28.75 24.625 34.5 40.75 23.75 24.25 29.375 20 21.5 26.5 22.25 25.5 28 31 