
8 5.34375 8 8.1875 5.5 6.90625 6.96875 4.71875 5.3125 6.875 7.3125 5.9375 5.875 7.875 
7.53125 5.03125 8.25 8.5625 4.9375 6.59375 7 4.40625 5.03125 6.8125 6.8125 5.78125 6.625 8.0625 
10.1875 6.53125 9.375 9.5625 6.53125 8.3125 8.5 5.34375 6.125 7.96875 7.75 7.09375 7.96875 10 
9.625 6.9375 8.9375 9.375 5.6875 8.1875 7.375 5.6875 6.0625 7.78125 7.25 6.65625 6.96875 9.5625 
5.25 2.98438 4.34375 5.21875 2.96875 4.40625 4.375 2.46875 3.53125 4.15625 3.92188 3.65625 3.4375 4.5625 
7.90625 5.6875 7.90625 8.125 5.21875 5.375 5.71875 4.90625 5.3125 5.875 6.28125 5.15625 6.40625 7.21875 
7.90625 5.5 7.75 7.84375 5.0625 6.25 6.25 4.15625 5.125 5.90625 5.875 5.875 6.09375 8.5625 
11.125 7.625 10.1875 10.8125 7.03125 9.1875 8.6875 6.15625 6.875 8.6875 8.125 7.15625 9.4375 11.8125 
8 5.4375 8.25 8.625 5.5625 7.3125 6.875 5.03125 4.90625 6.84375 7.21875 5.5625 6.5625 8.375 
9 5.78125 8.4375 7.96875 5.6875 7 7.21875 5.1875 5.8125 6.65625 7.03125 6 6.875 9.125 
7.15625 4.78125 6.78125 6.8125 4.09375 6.34375 6.34375 4.09375 4.5 6.375 6.125 5.125 6.25 7.375 
9.75 6.34375 9.1875 9.0625 5.75 7.5625 7.375 5.875 6.40625 7.59375 7.75 6.25 7.09375 9.8125 
6.59375 4.84375 6.34375 6.46875 3.96875 4.96875 4.4375 3.59375 3.60938 5.5625 5.25 4.40625 4.875 5.90625 
7.03125 4.8125 6.625 7.15625 4.59375 5.625 5.4375 3.85938 4.34375 5.59375 5.125 4.75 6.0625 7.125 
9.9375 6.34375 9.1875 9.0625 6.28125 7.96875 8.3125 5.8125 5.875 7.34375 7.59375 6.8125 7.84375 10.125 
9.9375 6.625 8.9375 9.5 6.125 8.3125 8.75 5.71875 6.3125 8.25 7.15625 6.46875 7.84375 10.125 
7.78125 5.25 7.375 7.4375 5 7.28125 7.1875 4.53125 4.25 6.65625 6.03125 5.1875 5.78125 8.125 