0.212426 0.473464 0.502151 0.801697 0.787741 0.421924 0.678404 0.535962 0.765589 0.092044 0.992488 0.075880 0.390788 0.546066 0.824159 0.120003 0.291282 0.488554 0.238056 0.594863 0.300579 0.584501 0.169824 0.863941
0.195188 0.480826 0.631195 0.537245 0.876266 0.466908 0.371994 0.188168 0.853652 0.686743 0.393858 0.901315 0.283535 0.125116 0.657617 0.303925 0.074320 0.503479 0.823207 0.532357 0.118512 0.948697 0.588236 0.782707
0.654738 0.138713 0.880019 0.890126 0.026514 0.998086 0.284768 0.192183 0.796422 0.500512 0.920676 0.439734 0.778143 0.740482 0.382886 0.334756 0.000771 0.579678 0.077456 0.020884 0.666165 0.311220 0.667182 0.828770
0.006227 0.829768 0.774939 0.052063 0.296411 0.109243 0.268410 0.296567 0.220469 0.610382 0.439174 0.198997 0.427234 0.495401 0.683971 0.828375 0.440525 0.577524 0.240995 0.091084 0.895421 0.032488 0.704102 0.569090
0.478124 0.491747 0.146819 0.076879 0.189094 0.271400 0.717680 0.664379 0.823036 0.545811 0.372046 0.710075 0.575206 0.760563 0.097940 0.445389 0.660016 0.168806 0.597945 0.937356 0.437162 0.365372 0.745991 0.187992
0.855399 0.183038 0.059897 0.352753 0.691518 0.226687 0.761553 0.357712 0.488431 0.795327 0.495819 0.549408 0.170386 0.256977 0.129045 0.406736 0.707782 0.052413 0.018513 0.137011 0.545966 0.991844 0.183551 0.392577
0.858867 0.731754 0.201057 0.145350 0.824981 0.337528 0.133519 0.121880 0.202475 0.454129 0.479556 0.857759 0.677198 0.582549 0.442237 0.404648 0.057748 0.063704 0.413182 0.463144 0.799262 0.555549 0.671215 0.719933
0.931301 0.980074 0.225795 0.330139 0.973350 0.868521 0.045802 0.260601 0.252026 0.169169 0.781992 0.414274 0.058272 0.151283 0.103981 0.673331 0.173712 0.285780 0.494585 0.254995 0.783235 0.186548 0.368058 0.190271
0.684379 0.545342 0.259020 0.887909 0.711732 0.882803 0.966918 0.038006 0.757949 0.984081 0.437438 0.511438 0.863853 0.607182 0.941781 0.346244 0.245739 0.895643 0.429489 0.872575 0.485015 0.444216 0.282676 0.047957
0.299619 0.834670 0.765923 0.207669 0.523896 0.497001 0.867977 0.006114 0.695907 0.339607 0.008898 0.788050 0.739986 0.197866 0.977296 0.731799 0.658072 0.168633 0.764196 0.714205 0.637067 0.766352 0.860139 0.081748
0.135753 0.355940 0.096521 0.856753 0.783921 0.617854 0.603723 0.593958 0.405081 0.214529 0.581108 0.217066 0.363903 0.362883 0.356746 0.050303 0.752211 0.589668 0.628862 0.787689 0.721658 0.743145 0.099335 0.675830
0.922971 0.317595 0.518945 0.359206 0.523852 0.171041 0.918139 0.962476 0.692158 0.977082 0.371850 0.505661 0.302489 0.359978 0.943632 0.488955 0.654287 0.100598 0.872896 0.455884 0.330076 0.493087 0.334507 0.210390
0.211543 0.868153 0.836491 0.439171 0.589941 0.290933 0.546099 0.009284 0.064931 0.263340 0.300535 0.999735 0.604336 0.946633 0.408764 0.162794 0.558401 0.870216 0.828720 0.788858 0.826384 0.247313 0.636898 0.281321
0.806589 0.604416 0.093580 0.548218 0.646841 0.391951 0.648138 0.502816 0.274071 0.166952 0.683477 0.760912 0.170536 0.516845 0.977568 0.305040 0.503865 0.530403 0.708405 0.692646 0.496712 0.822572 0.959810 0.588151
0.627328 0.381307 0.191273 0.029957 0.879418 0.011879 0.074289 0.380284 0.423741 0.152750 0.532857 0.245727 0.952889 0.329984 0.787321 0.527203 0.756748 0.149210 0.946786 0.795253 0.638674 0.256824 0.439719 0.146964
0.223112 0.230667 0.847718 0.750925 0.683250 0.068481 0.495100 0.787133 0.033867 0.816324 0.849702 0.148881 0.830479 0.568360 0.155782 0.984344 0.423168 0.382411 0.696397 0.114655 0.061793 0.680545 0.929778 0.857522
