0.095046 0.811684 0.081040 0.898696 0.371584 0.392645 0.153814 0.212998
0.207463 0.750609 0.256150 0.284272 0.503008 0.502265 0.496884 0.992883
0.808995 0.522059 0.281112 0.861970 0.716601 0.588001 0.210597 0.180616
0.099802 0.370062 0.917166 0.448699 0.008412 0.226086 0.892137 0.685398
0.641140 0.618075 0.924409 0.153159 0.856838 0.108317 0.065376 0.503797
0.548646 0.740559 0.695168 0.973462 0.704968 0.415430 0.679304 0.016405
0.161120 0.019436 0.325671 0.847564 0.936435 0.300353 0.122234 0.559129
0.440831 0.591254 0.156404 0.136866 0.106229 0.509445 0.940883 0.974499
0.601754 0.827665 0.681080 0.546116 0.210424 0.462033 0.636384 0.886517
0.456959 0.017647 0.605036 0.083130 0.446156 0.045788 0.893033 0.711863
0.694719 0.218916 0.458135 0.782119 0.728871 0.174356 0.609475 0.167763
0.936615 0.810545 0.330348 0.157162 0.547777 0.946561 0.311018 0.675130
0.247301 0.589721 0.278246 0.361228 0.593138 0.090593 0.958522 0.431058
0.638496 0.217507 0.665556 0.032823 0.800340 0.320282 0.847122 0.321316
0.437208 0.927791 0.920211 0.798105 0.722987 0.186006 0.615313 0.725906
0.029325 0.051563 0.881619 0.923667 0.836407 0.995334 0.370520 0.983696
