1.625 2.1875 2.21875 2.375 2.125 2.75 2.125 2.23438 
2.125 1.27344 2.73438 2.03125 2.42188 1.82812 1.9375 2.15625 2.26562 2.25 1.98438 1.5 2.29688 1.61719 1.25781 2.57812 2 2.0625 2.53125 2.65625 2.78125 3.3125 2.03125 2.46875 
3.04688 2.32812 3.01562 3.60938 2.40625 1.65625 2.34375 3.375 2.73438 2.75 2.79688 1.91406 2.9375 2.85938 2.6875 2.34375 2.28125 2.95312 3.45312 2.5625 2.04688 3.54688 2.48438 2.75 
2.82812 2.875 3.1875 2.73438 3.14062 2.46875 2.375 2.96875 2.67188 2.8125 2.0625 1.38281 3.28125 2.07812 2.875 3 1.46875 1.83594 2.40625 1.90625 1.875 2.76562 2.125 2 
2.28125 2.28125 2.42188 2.59375 2.1875 1.70312 2.5 3.10938 2.75 2.14062 2.35938 1.29688 3.84375 1.53125 3.07812 1.63281 2.01562 2.48438 2.26562 1.85156 1.70312 2.82812 2.32812 3 
3.5625 2.9375 2.5 2.875 2.70312 1.90625 1.64062 3.0625 2.71875 2.39062 2.59375 2.76562 3.09375 2.32812 3.07812 1.76562 2.92188 2.85938 2.89062 2.625 2.89062 3.3125 3.14062 2.82812 
2.9375 3.39062 3.125 3.40625 3 2.14062 2.40625 3.39062 3.65625 2.3125 2.78125 1.8125 3.85938 2.6875 2.73438 2.65625 1.78125 2.84375 2.28125 1.53906 2.17188 2.8125 1.71094 2.4375 
1.71875 2.4375 2.42188 3.29688 2.45312 1.40625 1.67188 2.57812 1.91406 2 1.89844 1.80469 3.26562 2.1875 2.28125 1.75781 2.73438 2.23438 2 2.29688 3.09375 3.25 1.77344 2.17188 
2.26562 1.71875 3.28125 2.90625 1.875 1.85938 2.17188 3.64062 3.07812 2.1875 2.28125 1.23438 3.53125 2 2.71875 1.63281 2.75 2.53125 2.64062 3.20312 2.9375 4.1875 3.34375 2.59375 
3.53125 3.20312 3.125 3.34375 3.35938 2.46875 3.21875 3.625 3.5 3.4375 2.90625 2.35938 3.90625 2.65625 3.10938 2.14062 1.5 1.99219 2.51562 1.74219 2.15625 2.4375 2.28125 1.67969 
2.65625 2.3125 1.97656 3.03125 2.14062 1.19531 2.71875 3.0625 2.84375 1.70312 2.28125 1.85938 3.29688 2.46875 3.20312 0.792969 1.53906 2.67188 2.59375 2.5 2.67188 2.90625 2.48438 2.73438 
2.35938 2.6875 2.65625 2.60938 2.4375 1.71875 2.28125 2.5 3.25 2.53125 2.5 2.04688 3.51562 2.40625 2.32812 2.23438 3.01562 2.90625 2.85938 2.35938 2.875 2.89062 3.25 3.78125 
3.3125 3.25 3.25 2.89062 2.6875 2.53125 3.34375 3.79688 3.75 2.51562 3.03125 2.07812 3.07812 2.71875 3.125 2.60938 1.95312 2.28125 2.875 2.4375 2.45312 2.54688 1.875 1.64062 
1.94531 2.03125 2.65625 3.5625 2.625 2.32812 2.09375 2.89062 3.01562 2.65625 2.76562 1.95312 3.57812 1.66406 2.54688 1.54688 2.4375 2.5 2.25 2.29688 2.60938 2.46875 2.35938 2.51562 
2.53125 2.57812 3.125 3.125 2.03125 1.95312 3.09375 2.96875 2.85938 2.17188 2.65625 2.25 3.23438 2.54688 3.59375 1.85938 2.85938 2.73438 3.0625 2.73438 3.14062 3.82812 2.42188 3.25 
3.57812 2.89062 3.51562 3.6875 3.98438 2.09375 2.96875 4.125 4.03125 3.0625 3.90625 2.78125 4.625 2.5625 3.29688 2.28125 1.78125 2.9375 3.375 2.89062 2.71875 3.9375 3.34375 4.1875 
2.40625 3.39062 3.875 3.59375 3.28125 2.09375 2.40625 4.0625 3.20312 2.78125 3.25 2.21875 3.6875 3.03125 3.875 2.4375 